1background
1
/data/image/background1

2music
1
/data/music/music1

3snake
3
4 1
4,0
5,1

4stone
1
0 7

5map
10 25

0	0	0	0	0	0	0	0	0	0	0	0	0	0	0	0	0	6	0	0	0	0	0	0	0
0	0	0	0	0	0	0	0	0	0	0	0	0	0	0	0	0	1	0	0	0	0	0	0	0
0	0	0	0	0	0	0	0	0	1	1	0	1	1	0	0	0	1	0	0	0	0	0	0	0
0	0	0	0	0	0	0	0	0	1	5	0	1	0	0	0	0	1	5	0	0	0	0	0	0
3	2	0	0	1	0	0	0	0	0	0	0	1	0	0	0	0	0	0	0	0	0	0	0	0
3	1	1	1	1	1	0	0	1	1	1	0	1	0	0	0	0	0	0	0	0	0	0	0	0
0	0	0	0	0	0	0	0	0	0	1	1	1	1	0	0	0	1	1	1	1	1	1	1	0
0	0	0	0	0	0	0	0	0	0	0	0	0	0	0	0	0	0	0	4	0	0	0	0	0
0	0	0	0	0	0	0	0	0	0	0	0	0	0	0	0	0	0	0	0	0	0	0	0	0
0	0	0	0	0	0	0	0	0	0	0	0	0	0	0	0	0	0	0	0	0	0	0	0	1
                                  ░░              
                                  ██              
                  ████  ████      ██              
                  ██ ⋄  ██        ██ ⋄            
▒▒▓▓    ██              ██                        
▒▒██████████    ██████  ██                        
                    ████████      ██████████████  
                                       ⊠          
                                                  
                                                ██
